10,AF_TANH,10,AF_TANH,10,AF_TANH,1,AF_SIGMOID
-3.576290755596183,-4.823780378001068,1.0003126566831106,-18.513884681806303,3.3259831712788968,-2.3360048948439722,6.595092584952129,-3.4081589857178884,4420.820538189837,218.2455205989219,
6.199304252561084,-3.568049477158398,-36.20890567475312,1.8115778010537193,1.8200324392491305,-5.6238216818601225,-1.2952403779275556,5.145115045023959,-5.096653724432372,14.013756730425326,
2.90395856442845,8.39771778870229,-13032.161508408697,-0.04002209060560363,-3.5876939344674756,-1298.1116904235023,8.684601439637685,-5.160446454049378,393961.94814976153,4870.958600263895,
8.673166524419898,0.17089352364688537,-3.5648477533501537,8.166586772220906,-4.921449872957515,0.9003791029898904,-9.111569022140472,7.8601839495198185,-6.716903557789769,9.799244046103308,
-5.384765792451772,-0.1628038082992905,-1.965518968326974,6.168460680596222,3.705130267743626,-583.4683530962673,-1.7023338780840582,-11.6651707478284,-5.475527384122243,-7.966589641508296,
-6.816748175666465,-4731.4151705765935,-0.6423494763738179,3.2445728085774554,-992.160846823167,8.15004353135636,6.60061851966563,-5.6711130801588485,8.841235593042907,7.525408921022454,
0.6614546061882116,29.532722386453123,2.06410551354033,3.718632789118233,2.638776445847477,7.175386204978132,-9.079040869074749,6.810907997989375,5.1757503936321525,5.622172155047222,
-0.18470773458154136,-6.677350482086737,-3.896214605365419,1.2225932130884856,-12.252766359513748,-11.159433245091504,0.31406842969855475,-6.7579022508301545,0.12084948490786575,-0.9743248911706655,
2.3270340352807506,3.797765437391188,-3.228107081111357,-0.7673242785405797,0.7913465950304612,-8.859650022225072,4.6405579534384955,2166.3651390857694,-11378.038031663778,-3.476580529130751,
-5.730110664688537,1.520057094984089,-12.77418505491278,2.464244740093764,-488.5022419037709,1.7407659148106567,-2.428864714711511,-3.1222960147881693,15.440606862996125,6636.088907429606,
0.29543183708865683,0.04919347633883492,-11703.767002993254,-11024.337418598989,0.43430127493495196,0.1702912196864903,0.10551101068712579,-0.19642214325403942,581.8856650512338,-19.546754074629366,
6.8914222552230235,8.071475189905586,0.32585786900285385,12.75049656716888,1445.298090827465,-7795.786706084257,-3.0059953623534437,-0.8418805346289011,2.0403826089105443,9.144593205771539,
0.528975786344655,-11.48543576477947,-8.451942125604027,9.645712112005302,144318.76654517037,-9.01216905173074,-3.290015566300619,3099460.895091878,1.1079441914867552,-3.556537924263209,
-8.665925875010334,-2.151725798825276,6.097553149431105,-10.107470831017444,13.327566999765828,-1.9329056840457266,2.9943345871785683,10.62248595855964,-18.62399809049468,887.4907368289051,
5.861078256849558,-8.210493227275443,-1.7101489204412612,0.7070337764579104,-4.304032923800718,8.525374890693465,6.129401579761016,-4987.809122929797,-6.449065387071788,-2.1674164516235273,
2594.595221605382,7.290706144979448,-8.111624214422886,0.9055358121794748,-8.79640537151377,8.460505311448973,3.8446465724319108,3472.750468017014,-14.934845849030392,5.618070894668206,
-7.735160051688703,-0.7177143011282503,3.7174608477613784,5.530840100371744,8.832006215833953,6.663610705899499,1.0064681688372317,-118.04710656028986,0.23679626041201374,-0.6002323449375263,
-50.56726479482814,-0.9974246747006762,2.9800639005028184,19629.1698818226,-6.594661207886215,48.65915979574237,-16.272718609739783,4.161479656958718,-13.379366206381476,6.878849764179669,
4.091242060689913,1.0309043989516649,-6.55881722758134,1.3494101757856554,2519.9673234758943,-1.8898054820454253,6.347478976388227,7.1057817062130235,-6.472830205074306,2.422862503877099,
-0.04490131071177923,-0.24229590934070244,0.04468921723811923,1730.1114495920876,-1.2672315670690675,6.108052461975351,-0.01654253358587887,6.722247117117888,3554.3921958928827,5592.00103877378,
-2211929.4552320405,3.2868527397781104,4.383168047763336,-7.665407395312791,-7.464282782021524,-2.863712847744523,3.8654788091130143,-1614271.9205704832,-0.8403687573395064,-4.2524261734591065,
30.786199992227242,-0.7101189097672779,-0.1306741106555528,-0.656353111812931,0.3983945670987926,0.07193870239179997,0.029290014262180586,0.28693595361559737,-0.37742780105025475,-0.16000511025873365,
4.495261959242276,
-1.4575195127438,
-449.8614814901647,
1.2824265185316752,
69.05556687364646,
12.000567285477073,
0.4052194285451122,
5.733107414736332,
0.00527207028762642,
11.28650739019355,
-1007041.3386985091,
4.1817315318698646E43,
4.294939328088365E44,
