10,AF_TANH,10,AF_TANH,10,AF_TANH,1,AF_SIGMOID
-7.397696757993131,-1.2819960852856014,9.324020099017325,6881.508771265997,-4.666482145169821,-17.014328311758106,6.55592143537151,0.004501100100934367,18.681820774143247,-5.50558806941951,
7.841031566256853,-8.396897519057823,12.06449850077894,-81.28875600790441,-5.029229489752561,0.5383208113009851,2.569553537766696,-7.10294972468224,-7.477130863981923,-0.31032437195345075,
-5.527951620040529,-3631.34635403797,1.4911676790862025,2.289457840362261,-9.951041992524964,-0.34842674952180963,-5929.887529166514,-5.374611740359807,-4.214735460259881,-1.9677710833966808,
18.125834293031,8.89230877807221,0.06924633932790557,-1.2890173955581046,-0.9000213949767882,1923.9143571410834,-715.6124664526075,-0.24090539093349222,112.39077586775663,-1640.7910624162605,
1.1534165750356342,-8.796544490157444,-9.533818403634733,-2865.909345367073,6.728541340673607,-11.29200620806577,-11.606398515382915,0.2020162505253879,1.2575570495105621,-987452.7971417413,
2.902176057428831,-9.683471964941887,-0.6179076112064942,-5.714175137251888,9.679843180336437,-5.218437920154848,-6.552483558487733,2.818858527383025,-1.9477023500133506,-3.7243183712065147,
-42.87946207948806,-1.161607040173326,-4.910277297584649,15.271116037679153,-0.07416877477117263,-1.4408817627270813,-2.1431198958225,-695.981096970716,8.723676567153753,0.9403600901607916,
-9.107904002071315,5.852562809589328,-6.672714267276348,-6.143456009194683,9.191712391928622,-240477.711457551,-8.54344870560784,-0.8412598904420401,11.66379611851366,17.114904974984118,
9.040369766184321,-0.1761930089158677,-4.5008956145287,3.5396321865975353,-0.9953790896433655,-9.949090702200865,-3352.74463050229,-7.364818754908736,5558.161577307718,844.8166309288741,
0.3120932695239471,-8.394188787128115,5.32993841553245,5.601287395062888,6.2905887022700835,17.5479641981581,-2764.815767675268,-41.04870467479495,-4.328757189815898,5.3321688677469865,
1.3225580206893042,0.18733448735072766,-0.8103087839984067,-0.2791542264562634,1.1602110515271689,1.0205475234861958,0.6475750389874271,0.07630378862195598,-1.326299001865591,0.8588626155476291,
4.217838004985892,-0.9786496485333128,-6.192528758727088,0.5574035721610411,7.002998144008419,-6.45048042299495,-1474.1900211025213,5.243618225839919,2.5917561762418737,-0.606792060349818,
2.7121650685156644,2370.280348014403,0.45914283327492805,0.06784879630377816,-7.501765090102602,-0.22112792945330462,0.0613622588162944,3.776222856719384,-1.8140678525432474,-2134.0736060653976,
3.840775067800812,3177.685261120664,5.8466291176825225,-9.437186794550033,0.09387650823210869,37.33744080754452,0.5191584812676071,4.321754805256262,-1328.2353185025097,-8.946671087133115,
-6.1586614516267515,-58112.52310460649,0.30701380043819654,3613.5752315530012,-1.8400898234187437,-1.8643540832146257,-2.835915009785859,3.212893800963143,8.089302187946739,9.853167760870129,
-9.248153741564288,7.062652220299976,-18.028131893380277,5972574.08815474,4.245741584106592,315.4546316289284,162.68199367760695,-3.469607695230275,-1.8218579214579411,-3950.4417506438763,
6.343968500393079,3.861471391078865,7.024209353763834,0.650035806987476,-0.14275051910002645,4.345096902584827,-3.722567597276609,2.119409869373861,-3.895156183414635,1626.6152358101808,
-2.639530714925831,-4.4972962058421135,0.8446603707438454,6.470689207373769,6.729162341978454,0.11020098940079233,8.119487822103997,9.654228030425113,1535.904466025033,-12.447445827967973,
2834.9686246035612,-1.6792585052812132,3.278855604393673,0.7764007107779439,-1148.5876345712102,-8.3547517120215,-2384.3939078700814,-7.225197451824723,-3.8913177549601436,5.90853891713405,
2.2160116518008888,-7.458994978972096E-4,-7.164749554759354,1.563707524707297,8.628130057148505,5178.285937823659,2.1706207896859495,-4.9519166089589035,-2.428666455447221,2.3999022591167467,
1284.0003658754058,1.6547862393221764,-6.721791261379678,-1.56451771394897E9,-0.1107441301026549,-8.304128614438964,10.040714679076567,-7.494239453503663,1.2701263845630102,1.9229133016820383,
-0.48420658259799343,-0.17423025852988971,27869.341121523452,-0.024168358368688678,-0.9532570572639851,-55.24832471146345,0.05709547087860656,625.4678977113427,0.8455850142241993,0.07096728480647864,
204.67138928562412,
-4.906628908099796,
-2178.047069581946,
323.0473867081575,
0.8725756699392399,
864.0116826810256,
0.19908793316563642,
-3447.426165455716,
-5.289875806842606,
0.012595877872350877,
-6291.357173672292,
8.02607121568424E37,
5.363248355827454E40,
